0 -99 -97 -93 -95 -91 -98 -96 -89 -85 -94 -88 -92 -83 -90 -87 -86 -84 -81 -82 -80 -73 -79 -78 -76 -77 -74 -75 -72 -70 -71 -69 -67 -68 -65 -64 -66 -63 -62 -57 -60 -56 -55 -61 -59 -58 -54 -53 -52 -51 -48 -50 -43 -47 -46 -45 -42 -49 -44 -38 -37 -41 -40 -39 -36 -35 -33 -34 -31 -32 -28 -29 -30 -26 -27 -25 -24 -23 -17 -20 -21 -19 -16 -22 -15 -14 -13 -18 -11 -10 -9 -12 -6 -4 -5 -8 -7 -3 -2 -1 
-98 0 -97 -93 -95 -91 -98 -96 -89 -85 -94 -88 -92 -83 -90 -87 -86 -84 -81 -82 -80 -73 -79 -78 -76 -77 -74 -75 -72 -70 -71 -69 -67 -68 -65 -64 -66 -63 -62 -57 -60 -56 -55 -61 -59 -58 -54 -53 -52 -46 -51 -45 -42 -50 -49 -48 -41 -44 -47 -38 -43 -40 -32 -39 -36 -37 -34 -33 -29 -35 -31 -27 -28 -25 -30 -26 -23 -22 -19 -24 -20 -15 -18 -21 -17 -16 -12 -14 -10 -13 -5 -11 -9 -7 -6 -4 -3 -8 -1 -2 
-97 -96 0 -93 -95 -91 -97 -96 -89 -85 -94 -88 -92 -83 -90 -87 -86 -84 -81 -82 -80 -73 -79 -78 -76 -77 -74 -75 -72 -70 -71 -69 -67 -68 -65 -64 -66 -63 -62 -57 -60 -56 -55 -61 -59 -58 -54 -53 -52 -51 -48 -50 -43 -47 -46 -45 -42 -49 -44 -38 -37 -41 -40 -39 -36 -35 -33 -34 -31 -32 -28 -29 -30 -26 -27 -25 -24 -23 -17 -20 -21 -19 -16 -22 -15 -14 -13 -18 -11 -10 -9 -12 -6 -4 -5 -8 -7 -3 -2 -1 
-95 -97 -93 0 -95 -91 -98 -94 -89 -85 -96 -88 -92 -83 -90 -87 -86 -84 -81 -82 -80 -73 -79 -78 -76 -77 -74 -75 -72 -70 -71 -69 -67 -68 -65 -64 -66 -63 -62 -57 -60 -56 -55 -61 -59 -58 -54 -53 -52 -51 -48 -50 -43 -47 -46 -45 -42 -49 -44 -38 -37 -41 -40 -39 -36 -35 -33 -34 -31 -32 -28 -29 -30 -26 -27 -25 -24 -23 -17 -20 -21 -19 -16 -22 -15 -14 -13 -18 -11 -10 -9 -12 -6 -4 -5 -8 -7 -3 -2 -1 
-99 -95 -97 -93 0 -91 -96 -98 -89 -85 -94 -88 -92 -83 -90 -87 -86 -84 -81 -82 -80 -73 -79 -78 -76 -77 -74 -75 -72 -70 -71 -69 -67 -68 -65 -64 -66 -63 -62 -57 -60 -56 -55 -61 -59 -58 -54 -53 -52 -51 -48 -50 -43 -47 -46 -45 -42 -49 -44 -38 -37 -41 -40 -39 -36 -35 -33 -34 -31 -32 -28 -29 -30 -26 -27 -25 -24 -21 -18 -23 -19 -22 -17 -20 -16 -15 -9 -13 -11 -14 -6 -10 -12 -8 -7 -5 -4 -1 -2 -3 
-97 -97 -95 -93 -91 0 -96 -96 -89 -85 -92 -88 -94 -83 -90 -87 -86 -84 -81 -82 -80 -73 -79 -78 -76 -77 -74 -75 -72 -70 -71 -69 -67 -68 -65 -64 -66 -63 -62 -57 -60 -56 -55 -61 -59 -58 -54 -53 -52 -46 -51 -45 -42 -50 -49 -48 -41 -44 -47 -38 -43 -40 -32 -39 -36 -37 -34 -33 -29 -35 -31 -27 -28 -25 -30 -26 -23 -22 -19 -24 -20 -15 -18 -21 -17 -16 -12 -14 -10 -13 -5 -11 -9 -7 -6 -4 -3 -8 -1 -2 
-98 -96 -97 -93 -95 -91 0 -96 -89 -85 -94 -88 -92 -83 -90 -87 -86 -84 -81 -82 -80 -73 -79 -78 -76 -77 -74 -75 -72 -70 -71 -69 -67 -68 -65 -64 -66 -63 -62 -57 -60 -56 -55 -61 -59 -58 -54 -53 -52 -51 -48 -50 -43 -47 -46 -45 -42 -49 -44 -38 -37 -41 -40 -39 -36 -35 -33 -34 -31 -32 -28 -29 -30 -26 -27 -25 -24 -23 -17 -20 -21 -19 -16 -22 -15 -14 -13 -18 -11 -10 -9 -12 -6 -4 -5 -8 -7 -3 -2 -1 
-97 -98 -96 -93 -95 -91 -97 0 -89 -85 -94 -88 -92 -83 -90 -87 -86 -84 -81 -82 -80 -73 -79 -78 -76 -77 -74 -75 -72 -70 -71 -69 -67 -68 -65 -64 -66 -63 -62 -57 -60 -56 -55 -61 -59 -58 -54 -53 -52 -51 -48 -50 -43 -47 -46 -45 -42 -49 -44 -38 -37 -41 -40 -39 -36 -35 -33 -34 -31 -32 -28 -29 -30 -26 -27 -25 -24 -23 -17 -20 -21 -19 -16 -22 -15 -14 -13 -18 -11 -10 -9 -12 -6 -4 -5 -8 -7 -3 -2 -1 
-99 -96 -98 -94 -90 -92 -97 -89 0 -85 -95 -88 -93 -83 -91 -87 -86 -84 -81 -82 -80 -73 -79 -78 -76 -77 -74 -75 -72 -70 -71 -69 -67 -68 -65 -64 -66 -63 -62 -57 -60 -56 -55 -61 -59 -58 -54 -53 -52 -51 -48 -50 -43 -47 -46 -45 -42 -49 -44 -38 -37 -41 -40 -39 -36 -35 -33 -34 -31 -32 -28 -29 -30 -26 -27 -25 -24 -23 -17 -20 -21 -19 -16 -22 -15 -14 -13 -18 -11 -10 -9 -12 -6 -4 -5 -8 -7 -3 -2 -1 
-96 -97 -95 -95 -92 -91 -94 -85 -89 0 -96 -93 -90 -83 -88 -86 -87 -84 -81 -82 -80 -73 -79 -78 -76 -77 -74 -75 -72 -70 -71 -69 -67 -68 -65 -64 -66 -63 -62 -57 -60 -56 -55 -61 -59 -58 -54 -53 -52 -46 -51 -45 -42 -50 -49 -48 -41 -44 -47 -38 -43 -40 -32 -39 -36 -37 -34 -33 -29 -35 -31 -27 -28 -25 -30 -26 -23 -22 -19 -24 -20 -15 -18 -21 -17 -16 -12 -14 -10 -13 -5 -11 -9 -7 -6 -4 -3 -8 -1 -2 
-97 -98 -96 -93 -95 -91 -97 -94 -89 -85 0 -88 -92 -83 -90 -87 -86 -84 -81 -82 -80 -73 -79 -78 -76 -77 -74 -75 -72 -70 -71 -69 -67 -68 -65 -64 -66 -63 -62 -57 -60 -56 -55 -61 -59 -58 -54 -53 -52 -51 -48 -50 -43 -47 -46 -45 -42 -49 -44 -38 -37 -41 -40 -39 -36 -35 -33 -34 -31 -32 -28 -29 -30 -26 -27 -25 -24 -23 -17 -20 -21 -19 -16 -22 -15 -14 -13 -18 -11 -10 -9 -12 -6 -4 -5 -8 -7 -3 -2 -1 
-97 -98 -96 -92 -94 -90 -97 -95 -88 -85 -93 0 -91 -83 -89 -87 -86 -84 -81 -82 -80 -73 -79 -78 -76 -77 -74 -75 -72 -70 -71 -69 -67 -68 -65 -64 -66 -63 -62 -57 -60 -56 -55 -61 -59 -58 -54 -53 -52 -51 -48 -50 -43 -47 -46 -45 -42 -49 -44 -38 -37 -41 -40 -39 -36 -35 -33 -34 -31 -32 -28 -29 -30 -26 -27 -25 -24 -23 -17 -20 -21 -19 -16 -22 -15 -14 -13 -18 -11 -10 -9 -12 -6 -4 -5 -8 -7 -3 -2 -1 
-97 -98 -96 -94 -92 -91 -97 -95 -89 -85 -93 -88 0 -83 -90 -87 -86 -84 -81 -82 -80 -73 -79 -78 -76 -77 -74 -75 -72 -70 -71 -69 -67 -68 -65 -64 -66 -63 -62 -57 -60 -56 -55 -61 -59 -58 -54 -53 -52 -51 -48 -50 -43 -47 -46 -45 -42 -49 -44 -38 -37 -41 -40 -39 -36 -35 -33 -34 -31 -32 -28 -29 -30 -26 -27 -25 -24 -23 -17 -20 -21 -19 -16 -22 -15 -14 -13 -18 -11 -10 -9 -12 -6 -4 -5 -8 -7 -3 -2 -1 
-99 -94 -98 -96 -89 -93 -97 -88 -91 -86 -95 -83 -92 0 -90 -85 -84 -87 -81 -82 -80 -73 -79 -78 -76 -77 -74 -75 -72 -70 -71 -69 -67 -68 -65 -64 -66 -63 -62 -57 -60 -56 -55 -61 -59 -58 -54 -53 -52 -51 -48 -50 -43 -47 -46 -45 -42 -49 -44 -38 -37 -41 -40 -39 -36 -35 -33 -34 -31 -32 -28 -29 -30 -26 -27 -25 -24 -23 -17 -20 -21 -19 -16 -22 -15 -14 -13 -18 -11 -10 -9 -12 -6 -4 -5 -8 -7 -3 -2 -1 
-97 -98 -96 -94 -92 -91 -97 -95 -89 -85 -93 -88 -90 -83 0 -87 -86 -84 -81 -82 -80 -73 -79 -78 -76 -77 -74 -75 -72 -70 -71 -69 -67 -68 -65 -64 -66 -63 -62 -57 -60 -56 -55 -61 -59 -58 -54 -53 -52 -46 -51 -45 -42 -50 -49 -48 -41 -44 -47 -38 -43 -40 -32 -39 -36 -37 -34 -33 -29 -35 -31 -27 -28 -25 -30 -26 -23 -22 -19 -24 -20 -15 -18 -21 -17 -16 -12 -14 -10 -13 -5 -11 -9 -7 -6 -4 -3 -8 -1 -2 
-99 -96 -98 -94 -91 -90 -97 -93 -88 -85 -95 -92 -89 -83 -87 0 -86 -84 -81 -82 -80 -73 -79 -78 -76 -77 -74 -75 -72 -70 -71 -69 -67 -68 -65 -64 -66 -63 -62 -57 -60 -56 -55 -61 -59 -58 -54 -53 -52 -46 -51 -45 -42 -50 -49 -48 -41 -44 -47 -38 -43 -40 -32 -39 -36 -37 -34 -33 -29 -35 -31 -27 -28 -25 -30 -26 -23 -22 -19 -24 -20 -15 -18 -21 -17 -16 -12 -14 -10 -13 -5 -11 -9 -7 -6 -4 -3 -8 -1 -2 
-97 -98 -96 -92 -94 -90 -97 -95 -88 -85 -93 -87 -91 -83 -89 -86 0 -84 -81 -82 -80 -73 -79 -78 -76 -77 -74 -75 -72 -70 -71 -69 -67 -68 -65 -64 -66 -63 -62 -57 -60 -56 -55 -61 -59 -58 -54 -53 -52 -51 -48 -50 -43 -47 -46 -45 -42 -49 -44 -38 -37 -41 -40 -39 -36 -35 -33 -34 -31 -32 -28 -29 -30 -26 -27 -25 -24 -23 -17 -20 -21 -19 -16 -22 -15 -14 -13 -18 -11 -10 -9 -12 -6 -4 -5 -8 -7 -3 -2 -1 
-99 -94 -98 -96 -89 -93 -95 -97 -91 -87 -88 -84 -92 -83 -90 -86 -85 0 -81 -82 -80 -73 -79 -78 -76 -77 -74 -75 -72 -70 -71 -69 -67 -68 -65 -64 -66 -63 -62 -57 -60 -56 -55 -61 -59 -58 -54 -53 -52 -51 -48 -50 -43 -47 -46 -45 -42 -49 -44 -38 -37 -41 -40 -39 -36 -35 -33 -34 -31 -32 -28 -29 -30 -26 -27 -25 -24 -23 -17 -20 -21 -19 -16 -22 -15 -14 -13 -18 -11 -10 -9 -12 -6 -4 -5 -8 -7 -3 -2 -1 
-99 -94 -98 -96 -89 -93 -97 -88 -91 -86 -95 -83 -92 -81 -90 -85 -84 -87 0 -82 -80 -73 -79 -78 -76 -77 -74 -75 -72 -70 -71 -69 -67 -68 -65 -64 -66 -63 -62 -57 -60 -56 -55 -61 -59 -58 -54 -53 -52 -51 -48 -50 -43 -47 -46 -45 -42 -49 -44 -38 -37 -41 -40 -39 -36 -35 -33 -34 -31 -32 -28 -29 -30 -26 -27 -25 -24 -21 -18 -23 -19 -22 -17 -20 -16 -15 -10 -13 -8 -14 -11 -9 -7 -5 -6 -12 -1 -4 -3 -2 
-99 -94 -98 -96 -89 -93 -95 -97 -91 -87 -88 -84 -92 -83 -90 -86 -85 -82 -81 0 -80 -73 -79 -78 -76 -77 -74 -75 -72 -70 -71 -69 -67 -68 -65 -64 -66 -63 -62 -57 -60 -56 -55 -61 -59 -58 -54 -53 -52 -46 -51 -45 -42 -50 -49 -48 -41 -44 -47 -38 -43 -40 -32 -39 -36 -37 -34 -33 -29 -35 -31 -27 -28 -25 -30 -26 -23 -22 -19 -24 -20 -15 -18 -21 -17 -16 -12 -14 -10 -13 -5 -11 -9 -7 -6 -4 -3 -8 -1 -2 
-99 -94 -98 -96 -89 -93 -95 -97 -91 -87 -88 -84 -92 -83 -90 -86 -85 -82 -81 -80 0 -73 -79 -78 -76 -77 -74 -75 -72 -70 -71 -69 -67 -68 -65 -64 -66 -63 -62 -57 -60 -56 -55 -61 -59 -58 -54 -53 -52 -51 -48 -50 -43 -47 -46 -45 -42 -49 -44 -38 -37 -41 -40 -39 -36 -35 -33 -34 -31 -32 -28 -29 -30 -26 -27 -23 -24 -25 -20 -19 -16 -18 -22 -15 -21 -10 -14 -17 -12 -11 -8 -13 -5 -1 -9 -7 -6 -4 -3 -2 
-99 -94 -98 -96 -89 -93 -95 -97 -91 -87 -88 -84 -92 -83 -90 -86 -85 -82 -81 -80 -73 0 -79 -78 -77 -74 -75 -76 -72 -70 -71 -69 -67 -68 -65 -64 -66 -63 -62 -57 -60 -56 -55 -61 -59 -58 -54 -53 -52 -46 -51 -45 -42 -50 -49 -48 -41 -44 -47 -38 -43 -40 -32 -39 -36 -37 -34 -33 -29 -35 -31 -27 -28 -25 -30 -26 -23 -22 -19 -24 -20 -15 -18 -21 -17 -16 -12 -14 -10 -13 -5 -11 -9 -7 -6 -4 -3 -8 -1 -2 
-97 -98 -96 -92 -94 -90 -97 -95 -88 -84 -93 -87 -91 -82 -89 -86 -85 -83 -80 -79 -81 -73 0 -78 -76 -77 -74 -75 -72 -70 -71 -69 -67 -68 -65 -64 -66 -63 -62 -57 -60 -56 -55 -61 -59 -58 -54 -53 -52 -51 -48 -50 -43 -47 -46 -45 -42 -49 -44 -38 -37 -41 -40 -39 -36 -35 -33 -34 -31 -32 -28 -29 -30 -26 -27 -25 -24 -23 -17 -20 -21 -19 -16 -22 -15 -14 -13 -18 -11 -10 -9 -12 -6 -4 -5 -8 -7 -3 -2 -1 
-97 -98 -96 -92 -94 -90 -97 -95 -88 -84 -93 -87 -91 -82 -89 -86 -85 -83 -80 -81 -79 -73 -78 0 -76 -77 -74 -75 -72 -70 -71 -69 -67 -68 -65 -64 -66 -63 -62 -57 -60 -56 -55 -61 -59 -58 -54 -53 -52 -51 -48 -50 -43 -47 -46 -45 -42 -49 -44 -38 -37 -41 -40 -39 -36 -35 -33 -34 -31 -32 -28 -29 -30 -26 -27 -25 -24 -23 -17 -20 -21 -19 -16 -22 -15 -14 -13 -18 -11 -10 -9 -12 -6 -4 -5 -8 -7 -3 -2 -1 
-97 -98 -96 -92 -94 -90 -97 -95 -88 -84 -93 -87 -91 -82 -89 -86 -85 -83 -80 -79 -81 -73 -76 -78 0 -77 -74 -75 -72 -70 -71 -69 -67 -68 -65 -64 -66 -63 -62 -57 -60 -56 -55 -61 -59 -58 -54 -53 -52 -51 -48 -50 -43 -47 -46 -45 -42 -49 -44 -38 -37 -41 -40 -39 -36 -35 -33 -34 -31 -32 -28 -29 -30 -26 -27 -25 -24 -23 -17 -20 -21 -19 -16 -22 -15 -14 -13 -18 -11 -10 -9 -12 -6 -4 -5 -8 -7 -3 -2 -1 
-97 -98 -96 -92 -94 -90 -97 -95 -88 -84 -93 -87 -91 -82 -89 -86 -85 -83 -80 -81 -79 -73 -78 -77 -76 0 -74 -75 -72 -70 -71 -69 -67 -68 -65 -64 -66 -63 -62 -57 -60 -56 -55 -61 -59 -58 -54 -53 -52 -51 -48 -50 -43 -47 -46 -45 -42 -49 -44 -38 -37 -41 -40 -39 -36 -35 -33 -34 -31 -32 -28 -29 -30 -26 -27 -25 -24 -21 -18 -23 -19 -22 -17 -20 -16 -15 -9 -13 -11 -14 -6 -10 -12 -8 -7 -5 -4 -1 -2 -3 
-97 -98 -96 -92 -94 -90 -97 -95 -88 -84 -93 -87 -91 -82 -89 -86 -85 -83 -80 -79 -81 -73 -77 -78 -75 -74 0 -76 -72 -70 -71 -69 -67 -68 -65 -64 -66 -63 -62 -57 -60 -56 -55 -61 -59 -58 -54 -53 -52 -51 -48 -50 -43 -47 -46 -45 -42 -49 -44 -38 -37 -41 -40 -39 -36 -35 -33 -34 -31 -32 -28 -29 -30 -26 -27 -25 -24 -23 -17 -20 -21 -19 -16 -22 -15 -14 -13 -18 -11 -10 -9 -12 -6 -4 -5 -8 -7 -3 -2 -1 
-97 -98 -96 -92 -94 -90 -97 -95 -88 -84 -93 -87 -91 -82 -89 -86 -85 -83 -80 -81 -79 -73 -78 -77 -76 -75 -74 0 -72 -70 -71 -69 -67 -68 -65 -64 -66 -63 -62 -57 -60 -56 -55 -61 -59 -58 -54 -53 -52 -46 -51 -45 -42 -50 -49 -48 -41 -44 -47 -38 -43 -40 -32 -39 -36 -37 -34 -33 -29 -35 -31 -27 -28 -25 -30 -26 -23 -22 -19 -24 -20 -15 -18 -21 -17 -16 -12 -14 -10 -13 -5 -11 -9 -7 -6 -4 -3 -8 -1 -2 
-97 -98 -96 -92 -94 -90 -97 -95 -88 -84 -93 -87 -91 -82 -89 -86 -85 -83 -80 -79 -81 -78 -77 -76 -74 -75 -72 -73 0 -70 -71 -69 -67 -68 -65 -64 -66 -63 -62 -57 -60 -56 -55 -61 -59 -58 -54 -53 -52 -51 -48 -50 -43 -47 -46 -45 -42 -49 -44 -38 -37 -41 -40 -39 -36 -35 -33 -34 -31 -32 -28 -29 -30 -26 -27 -25 -24 -23 -17 -20 -21 -19 -16 -22 -15 -14 -13 -18 -11 -10 -9 -12 -6 -4 -5 -8 -7 -3 -2 -1 
-97 -98 -96 -92 -94 -90 -97 -95 -88 -84 -93 -87 -91 -82 -89 -86 -85 -83 -80 -81 -79 -74 -78 -77 -76 -75 -71 -70 -73 0 -72 -69 -67 -68 -65 -64 -66 -63 -62 -57 -60 -56 -55 -61 -59 -58 -54 -53 -52 -51 -48 -50 -43 -47 -46 -45 -42 -49 -44 -38 -37 -41 -40 -39 -36 -35 -33 -34 -31 -32 -28 -29 -30 -26 -27 -25 -24 -23 -17 -20 -21 -19 -16 -22 -15 -14 -13 -18 -11 -10 -9 -12 -6 -4 -5 -8 -7 -3 -2 -1 
-97 -98 -96 -92 -94 -90 -97 -95 -88 -84 -93 -87 -91 -82 -89 -86 -85 -83 -80 -81 -79 -77 -76 -71 -74 -75 -72 -73 -78 -70 0 -69 -67 -68 -65 -64 -66 -63 -62 -57 -60 -56 -55 -61 -59 -58 -54 -53 -52 -51 -48 -50 -43 -47 -46 -45 -42 -49 -44 -38 -37 -41 -40 -39 -36 -35 -33 -34 -31 -32 -28 -29 -30 -26 -27 -25 -24 -23 -17 -20 -21 -19 -16 -22 -15 -14 -13 -18 -11 -10 -9 -12 -6 -4 -5 -8 -7 -3 -2 -1 
-97 -98 -96 -92 -94 -90 -97 -95 -88 -84 -93 -87 -91 -82 -89 -86 -85 -83 -80 -81 -79 -77 -76 -71 -74 -75 -72 -73 -78 -70 -69 0 -67 -68 -65 -64 -66 -63 -62 -57 -60 -56 -55 -61 -59 -58 -54 -53 -52 -51 -48 -50 -43 -47 -46 -45 -42 -49 -44 -38 -37 -41 -40 -39 -36 -35 -33 -34 -31 -32 -28 -29 -30 -26 -27 -25 -24 -23 -17 -20 -21 -19 -16 -22 -15 -14 -13 -18 -11 -10 -9 -12 -6 -4 -5 -8 -7 -3 -2 -1 
-97 -98 -96 -92 -94 -90 -97 -95 -88 -84 -93 -87 -91 -82 -89 -86 -85 -83 -80 -81 -79 -77 -76 -71 -74 -75 -72 -73 -78 -70 -67 -69 0 -68 -65 -64 -66 -63 -62 -57 -60 -56 -55 -61 -59 -58 -54 -53 -52 -51 -48 -50 -43 -47 -46 -45 -42 -49 -44 -38 -37 -41 -40 -39 -36 -35 -33 -34 -31 -32 -28 -29 -30 -26 -27 -25 -24 -23 -17 -20 -21 -19 -16 -22 -15 -14 -13 -18 -11 -10 -9 -12 -6 -4 -5 -8 -7 -3 -2 -1 
-97 -98 -96 -92 -94 -90 -97 -95 -88 -84 -93 -87 -91 -82 -89 -86 -85 -83 -80 -81 -79 -72 -78 -77 -75 -76 -73 -74 -71 -69 -70 -68 -67 0 -65 -64 -66 -63 -62 -57 -60 -56 -55 -61 -59 -58 -54 -53 -52 -51 -48 -50 -43 -47 -46 -45 -42 -49 -44 -38 -37 -41 -40 -39 -36 -35 -33 -34 -31 -32 -28 -29 -30 -26 -27 -25 -24 -23 -17 -20 -21 -19 -16 -22 -15 -14 -13 -18 -11 -10 -9 -12 -6 -4 -5 -8 -7 -3 -2 -1 
-97 -98 -96 -92 -94 -90 -97 -95 -88 -84 -93 -87 -91 -82 -89 -86 -85 -83 -80 -81 -79 -77 -76 -71 -74 -75 -72 -73 -78 -70 -67 -69 -65 -68 0 -64 -66 -63 -62 -57 -60 -56 -55 -61 -59 -58 -54 -53 -52 -51 -48 -50 -43 -47 -46 -45 -42 -49 -44 -38 -37 -41 -40 -39 -36 -35 -33 -34 -31 -32 -28 -29 -30 -26 -27 -25 -24 -23 -17 -20 -21 -19 -16 -22 -15 -14 -13 -18 -11 -10 -9 -12 -6 -4 -5 -8 -7 -3 -2 -1 
-97 -98 -96 -92 -94 -90 -97 -95 -88 -84 -93 -87 -91 -82 -89 -86 -85 -83 -80 -81 -79 -72 -78 -77 -75 -76 -73 -74 -71 -69 -70 -68 -66 -67 -64 0 -65 -63 -62 -57 -60 -56 -55 -61 -59 -58 -54 -53 -52 -46 -51 -45 -42 -50 -49 -48 -41 -44 -47 -38 -43 -40 -32 -39 -36 -37 -34 -33 -29 -35 -31 -27 -28 -25 -30 -26 -23 -22 -19 -24 -20 -15 -18 -21 -17 -16 -12 -14 -10 -13 -5 -11 -9 -7 -6 -4 -3 -8 -1 -2 
-97 -98 -96 -92 -94 -90 -97 -95 -88 -84 -93 -87 -91 -82 -89 -86 -85 -83 -80 -81 -79 -72 -78 -77 -75 -76 -73 -74 -71 -69 -70 -68 -66 -67 -65 -64 0 -63 -62 -57 -60 -56 -55 -61 -59 -58 -54 -53 -52 -46 -51 -45 -42 -50 -49 -48 -41 -44 -47 -38 -43 -40 -32 -39 -36 -37 -34 -33 -29 -35 -31 -27 -28 -25 -30 -26 -23 -22 -19 -24 -20 -15 -18 -21 -17 -16 -12 -14 -10 -13 -5 -11 -9 -7 -6 -4 -3 -8 -1 -2 
-97 -98 -96 -92 -94 -90 -97 -95 -88 -84 -93 -87 -91 -82 -89 -86 -85 -83 -80 -81 -79 -72 -78 -77 -75 -76 -73 -74 -71 -69 -70 -68 -66 -67 -64 -65 -63 0 -62 -57 -60 -56 -55 -61 -59 -58 -54 -53 -52 -51 -48 -50 -43 -47 -46 -45 -42 -49 -44 -38 -37 -41 -40 -39 -36 -35 -33 -34 -31 -32 -28 -29 -30 -26 -27 -25 -24 -23 -17 -20 -21 -19 -16 -22 -15 -14 -13 -18 -11 -10 -9 -12 -6 -4 -5 -8 -7 -3 -2 -1 
-97 -98 -96 -92 -94 -90 -97 -95 -88 -84 -93 -87 -91 -82 -89 -86 -85 -83 -80 -81 -79 -72 -78 -77 -75 -76 -73 -74 -71 -69 -70 -68 -66 -67 -64 -63 -65 -62 0 -57 -60 -56 -55 -61 -59 -58 -54 -53 -52 -51 -48 -50 -43 -47 -46 -45 -42 -49 -44 -38 -37 -41 -40 -39 -36 -35 -33 -34 -31 -32 -28 -29 -30 -26 -27 -25 -24 -23 -17 -20 -21 -19 -16 -22 -15 -14 -13 -18 -11 -10 -9 -12 -6 -4 -5 -8 -7 -3 -2 -1 
-97 -98 -96 -92 -94 -90 -97 -95 -88 -84 -93 -87 -91 -82 -89 -86 -85 -83 -80 -81 -79 -72 -78 -77 -75 -76 -73 -74 -71 -69 -70 -68 -66 -67 -64 -57 -65 -63 -62 0 -61 -56 -55 -60 -58 -59 -54 -53 -52 -51 -48 -50 -43 -47 -46 -45 -42 -49 -44 -38 -37 -41 -40 -39 -36 -35 -33 -34 -31 -32 -28 -29 -30 -26 -27 -25 -24 -21 -18 -23 -19 -22 -17 -20 -16 -15 -9 -13 -11 -14 -6 -10 -12 -8 -7 -5 -4 -1 -2 -3 
-97 -98 -96 -92 -94 -90 -97 -95 -88 -84 -93 -87 -91 -82 -89 -86 -85 -83 -80 -81 -79 -72 -78 -77 -75 -76 -73 -74 -71 -69 -70 -68 -66 -67 -64 -63 -65 -62 -60 -57 0 -56 -55 -61 -59 -58 -54 -53 -52 -46 -51 -45 -42 -50 -49 -48 -41 -44 -47 -38 -43 -40 -32 -39 -36 -37 -34 -33 -29 -35 -31 -27 -28 -25 -30 -26 -23 -22 -19 -24 -20 -15 -18 -21 -17 -16 -12 -14 -10 -13 -5 -11 -9 -7 -6 -4 -3 -8 -1 -2 
-97 -98 -96 -92 -94 -90 -97 -95 -88 -84 -93 -87 -91 -82 -89 -86 -85 -83 -80 -81 -79 -72 -78 -77 -75 -76 -73 -74 -71 -69 -70 -68 -66 -67 -64 -63 -65 -62 -60 -61 -56 0 -55 -59 -57 -58 -54 -53 -52 -51 -48 -50 -43 -47 -46 -45 -42 -49 -44 -38 -37 -41 -40 -39 -36 -35 -33 -34 -31 -32 -28 -29 -30 -26 -27 -25 -24 -23 -17 -20 -21 -19 -16 -22 -15 -14 -13 -18 -11 -10 -9 -12 -6 -4 -5 -8 -7 -3 -2 -1 
-97 -98 -96 -92 -94 -90 -97 -95 -88 -84 -93 -87 -91 -82 -89 -86 -85 -83 -80 -81 -79 -72 -78 -77 -75 -76 -73 -74 -71 -69 -70 -68 -66 -67 -64 -63 -65 -62 -61 -56 -59 -55 0 -60 -58 -57 -54 -53 -52 -51 -48 -50 -43 -47 -46 -45 -42 -49 -44 -38 -37 -41 -40 -39 -36 -35 -33 -34 -31 -32 -28 -29 -30 -26 -27 -25 -24 -23 -17 -20 -21 -19 -16 -22 -15 -14 -13 -18 -11 -10 -9 -12 -6 -4 -5 -8 -7 -3 -2 -1 
-97 -98 -96 -92 -94 -90 -97 -95 -88 -84 -93 -87 -91 -82 -89 -86 -85 -83 -80 -81 -79 -72 -78 -77 -75 -76 -73 -74 -71 -69 -70 -68 -66 -67 -64 -63 -65 -62 -61 -57 -60 -56 -55 0 -59 -58 -54 -53 -52 -51 -48 -50 -43 -47 -46 -45 -42 -49 -44 -38 -37 -41 -40 -39 -36 -35 -33 -34 -31 -32 -28 -29 -30 -26 -27 -25 -24 -23 -17 -20 -21 -19 -16 -22 -15 -14 -13 -18 -11 -10 -9 -12 -6 -4 -5 -8 -7 -3 -2 -1 
-97 -98 -96 -92 -94 -90 -97 -95 -88 -84 -93 -87 -91 -82 -89 -86 -85 -83 -80 -81 -79 -72 -78 -77 -75 -76 -73 -74 -71 -69 -70 -68 -66 -67 -64 -63 -65 -62 -61 -57 -60 -56 -55 -59 0 -58 -54 -53 -52 -51 -48 -50 -43 -47 -46 -45 -42 -49 -44 -38 -37 -41 -40 -39 -36 -35 -33 -34 -31 -32 -28 -29 -30 -26 -27 -25 -24 -23 -17 -20 -21 -19 -16 -22 -15 -14 -13 -18 -11 -10 -9 -12 -6 -4 -5 -8 -7 -3 -2 -1 
-97 -98 -96 -92 -94 -90 -97 -95 -88 -84 -93 -87 -91 -82 -89 -86 -85 -83 -80 -81 -79 -72 -78 -77 -75 -76 -73 -74 -71 -69 -70 -68 -66 -67 -64 -63 -65 -62 -61 -57 -59 -56 -55 -60 -58 0 -54 -53 -52 -51 -48 -50 -43 -47 -46 -45 -42 -49 -44 -38 -37 -41 -40 -39 -36 -35 -33 -34 -31 -32 -28 -29 -30 -26 -27 -25 -24 -23 -17 -20 -21 -19 -16 -22 -15 -14 -13 -18 -11 -10 -9 -12 -6 -4 -5 -8 -7 -3 -2 -1 
-97 -98 -96 -92 -94 -90 -97 -95 -88 -84 -93 -87 -91 -82 -89 -86 -85 -83 -80 -81 -79 -72 -78 -77 -75 -76 -73 -74 -71 -69 -70 -68 -66 -67 -64 -62 -65 -63 -58 -59 -56 -61 -60 -57 -55 -54 0 -53 -52 -51 -48 -50 -43 -47 -46 -45 -42 -49 -44 -38 -37 -41 -40 -39 -36 -35 -33 -34 -31 -32 -28 -29 -30 -26 -27 -25 -24 -23 -17 -20 -21 -19 -16 -22 -15 -14 -13 -18 -11 -10 -9 -12 -6 -4 -5 -8 -7 -3 -2 -1 
-97 -98 -96 -92 -94 -90 -97 -95 -88 -84 -93 -87 -91 -82 -89 -86 -85 -83 -80 -81 -79 -72 -78 -77 -75 -76 -73 -74 -71 -69 -70 -68 -66 -67 -64 -63 -65 -62 -61 -56 -59 -55 -54 -60 -58 -57 -53 0 -52 -51 -48 -50 -43 -47 -46 -45 -42 -49 -44 -38 -37 -41 -40 -39 -36 -35 -33 -34 -31 -32 -28 -29 -30 -26 -27 -25 -24 -23 -17 -20 -21 -19 -16 -22 -15 -14 -13 -18 -11 -10 -9 -12 -6 -4 -5 -8 -7 -3 -2 -1 
-97 -98 -96 -92 -94 -90 -97 -95 -88 -84 -93 -87 -91 -82 -89 -86 -85 -83 -80 -81 -79 -72 -78 -77 -75 -76 -73 -74 -71 -69 -70 -68 -66 -67 -64 -63 -65 -62 -61 -56 -59 -55 -54 -60 -58 -57 -53 -52 0 -46 -51 -45 -42 -50 -49 -48 -41 -44 -47 -38 -43 -40 -32 -39 -36 -37 -34 -33 -29 -35 -31 -27 -28 -25 -30 -26 -23 -22 -19 -24 -20 -15 -18 -21 -17 -16 -12 -14 -10 -13 -5 -11 -9 -7 -6 -4 -3 -8 -1 -2 
-97 -98 -96 -92 -94 -90 -97 -95 -88 -84 -93 -87 -91 -82 -89 -86 -85 -83 -80 -81 -79 -72 -78 -77 -75 -76 -73 -74 -71 -69 -70 -68 -66 -67 -64 -62 -65 -63 -58 -59 -56 -61 -60 -57 -55 -54 -52 -53 -46 0 -47 -45 -42 -51 -50 -49 -41 -44 -48 -38 -43 -40 -32 -39 -36 -37 -34 -33 -29 -35 -31 -27 -28 -25 -30 -26 -23 -22 -19 -24 -20 -15 -18 -21 -17 -16 -12 -14 -10 -13 -5 -11 -9 -7 -6 -4 -3 -8 -1 -2 
-97 -98 -96 -92 -94 -90 -97 -95 -88 -84 -93 -87 -91 -82 -89 -86 -85 -83 -80 -81 -79 -72 -78 -77 -75 -76 -73 -74 -71 -69 -70 -68 -66 -67 -64 -63 -65 -62 -61 -56 -59 -55 -54 -60 -58 -57 -53 -52 -51 -48 0 -50 -43 -47 -46 -45 -42 -49 -44 -38 -37 -41 -40 -39 -36 -35 -33 -34 -31 -32 -28 -29 -30 -26 -27 -25 -24 -23 -17 -20 -21 -19 -16 -22 -15 -14 -13 -18 -11 -10 -9 -12 -6 -4 -5 -8 -7 -3 -2 -1 
-97 -98 -96 -92 -94 -90 -97 -95 -88 -84 -93 -87 -91 -82 -89 -86 -85 -83 -80 -81 -79 -72 -78 -77 -75 -76 -73 -74 -71 -69 -70 -68 -66 -67 -64 -63 -65 -62 -61 -56 -59 -55 -54 -60 -58 -57 -53 -52 -51 -50 -48 0 -43 -47 -46 -45 -42 -49 -44 -38 -37 -41 -40 -39 -36 -35 -33 -34 -31 -32 -28 -29 -30 -26 -27 -25 -24 -23 -17 -20 -21 -19 -16 -22 -15 -14 -13 -18 -11 -10 -6 -12 -1 -8 -7 -5 -4 -9 -2 -3 
-97 -98 -96 -92 -94 -90 -97 -95 -88 -84 -93 -87 -91 -82 -89 -86 -85 -83 -80 -81 -79 -72 -78 -77 -75 -76 -73 -74 -71 -69 -70 -68 -66 -67 -64 -63 -65 -62 -61 -58 -59 -57 -56 -60 -52 -53 -55 -54 -45 -51 -46 -42 0 -50 -49 -48 -41 -43 -47 -38 -44 -40 -32 -39 -36 -37 -34 -33 -29 -35 -31 -27 -28 -25 -30 -26 -23 -22 -19 -24 -20 -15 -18 -21 -17 -16 -12 -14 -10 -13 -5 -11 -9 -7 -6 -4 -3 -8 -1 -2 
-97 -98 -96 -92 -94 -90 -97 -95 -88 -84 -93 -87 -91 -82 -89 -86 -85 -83 -80 -81 -79 -72 -78 -77 -75 -76 -73 -74 -71 -69 -70 -68 -66 -67 -64 -63 -65 -62 -61 -56 -59 -55 -54 -60 -58 -57 -53 -52 -51 -46 -50 -45 -42 0 -49 -48 -41 -44 -47 -38 -43 -40 -32 -39 -36 -37 -34 -33 -29 -35 -31 -27 -28 -25 -30 -26 -23 -22 -19 -24 -20 -15 -18 -21 -17 -16 -12 -14 -10 -13 -5 -11 -9 -7 -6 -4 -3 -8 -1 -2 
-97 -98 -96 -92 -94 -90 -97 -95 -88 -84 -93 -87 -91 -82 -89 -86 -85 -83 -80 -81 -79 -72 -78 -77 -75 -76 -73 -74 -71 -69 -70 -68 -66 -67 -64 -62 -65 -63 -58 -59 -56 -61 -60 -57 -55 -54 -51 -53 -52 -49 -46 -48 -43 -50 0 -45 -42 -47 -44 -38 -37 -41 -40 -39 -36 -35 -33 -34 -31 -32 -28 -29 -30 -26 -27 -25 -24 -23 -17 -20 -21 -19 -16 -22 -15 -14 -13 -18 -11 -10 -9 -12 -6 -4 -5 -8 -7 -3 -2 -1 
-97 -98 -96 -92 -94 -90 -97 -95 -88 -84 -93 -87 -91 -82 -89 -86 -85 -83 -80 -81 -79 -72 -78 -77 -75 -76 -73 -74 -71 -69 -70 -68 -66 -67 -64 -63 -65 -62 -61 -56 -59 -55 -54 -60 -58 -57 -53 -52 -51 -46 -50 -45 -42 -48 -49 0 -41 -44 -47 -38 -43 -40 -32 -39 -36 -37 -34 -33 -29 -35 -31 -27 -28 -25 -30 -26 -23 -22 -19 -24 -20 -15 -18 -21 -17 -16 -12 -14 -10 -13 -5 -11 -9 -7 -6 -4 -3 -8 -1 -2 
-97 -98 -96 -92 -94 -90 -97 -95 -88 -84 -93 -87 -91 -82 -89 -86 -85 -83 -80 -81 -79 -72 -78 -77 -75 -76 -73 -74 -71 -69 -70 -68 -66 -67 -64 -63 -65 -62 -61 -56 -59 -55 -54 -60 -58 -57 -53 -52 -51 -50 -46 -49 -48 -44 -45 -42 0 -47 -43 -38 -37 -41 -40 -39 -36 -35 -33 -34 -31 -32 -28 -29 -30 -26 -27 -25 -24 -21 -18 -23 -19 -22 -17 -20 -16 -15 -9 -13 -11 -14 -6 -10 -12 -8 -7 -5 -4 -1 -2 -3 
-97 -98 -96 -92 -94 -90 -97 -95 -88 -84 -93 -87 -91 -82 -89 -86 -85 -83 -80 -81 -79 -72 -78 -77 -75 -76 -73 -74 -71 -69 -70 -68 -66 -67 -64 -63 -65 -62 -61 -56 -59 -55 -54 -60 -58 -57 -53 -52 -51 -49 -48 -50 -43 -47 -46 -45 -42 0 -44 -38 -37 -41 -40 -39 -36 -35 -33 -34 -31 -32 -28 -29 -30 -26 -27 -25 -24 -21 -18 -23 -19 -22 -17 -20 -16 -15 -9 -13 -11 -14 -6 -10 -12 -8 -7 -5 -4 -1 -2 -3 
-97 -98 -96 -92 -94 -90 -97 -95 -88 -84 -93 -87 -91 -82 -89 -86 -85 -83 -80 -81 -79 -72 -78 -77 -75 -76 -73 -74 -71 -69 -70 -68 -66 -67 -64 -62 -65 -63 -58 -59 -56 -61 -60 -57 -55 -54 -51 -53 -52 -46 -49 -45 -43 -50 -47 -48 -42 -44 0 -38 -37 -41 -40 -39 -36 -35 -33 -34 -31 -32 -28 -29 -30 -26 -27 -23 -24 -25 -20 -19 -16 -18 -22 -15 -21 -10 -14 -17 -12 -11 -8 -13 -5 -1 -9 -7 -6 -4 -3 -2 
-97 -98 -96 -92 -94 -90 -97 -95 -88 -84 -93 -87 -91 -82 -89 -86 -85 -83 -80 -81 -79 -72 -78 -77 -75 -76 -73 -74 -71 -69 -70 -68 -66 -67 -64 -63 -65 -62 -61 -56 -59 -55 -54 -60 -58 -57 -53 -52 -51 -50 -45 -49 -48 -43 -44 -41 -38 -46 -42 0 -47 -40 -32 -39 -36 -37 -34 -33 -29 -35 -31 -27 -28 -25 -30 -26 -23 -22 -19 -24 -20 -15 -18 -21 -17 -16 -12 -14 -10 -13 -5 -11 -9 -7 -6 -4 -3 -8 -1 -2 
-97 -98 -96 -92 -94 -90 -97 -95 -88 -84 -93 -87 -91 -82 -89 -86 -85 -83 -80 -81 -79 -72 -78 -77 -75 -76 -73 -74 -71 -69 -70 -68 -66 -67 -64 -63 -65 -62 -61 -56 -59 -55 -54 -60 -58 -57 -53 -52 -51 -50 -47 -49 -42 -46 -45 -44 -41 -48 -43 -37 0 -40 -39 -38 -36 -35 -33 -34 -31 -32 -28 -29 -30 -26 -27 -25 -24 -23 -17 -20 -21 -19 -16 -22 -15 -14 -13 -18 -11 -10 -9 -12 -6 -4 -5 -8 -7 -3 -2 -1 
-97 -98 -96 -92 -94 -90 -97 -95 -88 -84 -93 -87 -91 -82 -89 -86 -85 -83 -80 -81 -79 -72 -78 -77 -75 -76 -73 -74 -71 -69 -70 -68 -66 -67 -64 -63 -65 -62 -61 -56 -59 -55 -54 -60 -58 -57 -53 -52 -51 -49 -50 -47 -44 -43 -42 -41 -48 -46 -40 -38 -45 0 -32 -39 -36 -37 -34 -33 -29 -35 -31 -27 -28 -25 -30 -26 -23 -22 -19 -24 -20 -15 -18 -21 -17 -16 -12 -14 -10 -13 -5 -11 -9 -7 -6 -4 -3 -8 -1 -2 
-97 -98 -96 -92 -94 -90 -97 -95 -88 -84 -93 -87 -91 -82 -89 -86 -85 -83 -80 -81 -79 -72 -78 -77 -75 -76 -73 -74 -71 -69 -70 -68 -66 -67 -64 -63 -65 -62 -61 -56 -59 -55 -54 -60 -58 -57 -53 -52 -51 -50 -47 -49 -42 -46 -45 -44 -41 -48 -43 -38 -32 -40 0 -39 -37 -36 -34 -35 -29 -33 -31 -27 -28 -25 -30 -26 -23 -22 -19 -24 -20 -15 -18 -21 -17 -16 -12 -14 -10 -13 -5 -11 -9 -7 -6 -4 -3 -8 -1 -2 
-97 -98 -96 -92 -94 -90 -97 -95 -88 -84 -93 -87 -91 -82 -89 -86 -85 -83 -80 -81 -79 -72 -78 -77 -75 -76 -73 -74 -71 -69 -70 -68 -66 -67 -64 -63 -65 -62 -61 -56 -59 -55 -54 -60 -58 -57 -53 -52 -51 -50 -47 -49 -42 -46 -45 -44 -41 -48 -43 -38 -37 -40 -39 0 -36 -35 -33 -34 -31 -32 -28 -29 -30 -26 -27 -25 -24 -23 -17 -20 -21 -19 -16 -22 -15 -14 -13 -18 -11 -10 -9 -12 -6 -4 -5 -8 -7 -3 -2 -1 
-97 -98 -96 -92 -94 -90 -97 -95 -88 -84 -93 -87 -91 -82 -89 -86 -85 -83 -80 -81 -79 -72 -78 -77 -75 -76 -73 -74 -71 -69 -70 -68 -66 -67 -64 -63 -65 -62 -61 -56 -59 -55 -54 -60 -58 -57 -53 -52 -51 -49 -48 -50 -43 -47 -46 -45 -39 -42 -44 -40 -41 -38 -36 -37 0 -35 -33 -34 -31 -32 -28 -29 -30 -26 -27 -25 -24 -23 -17 -20 -21 -19 -16 -22 -15 -14 -13 -18 -11 -10 -9 -12 -6 -4 -5 -8 -7 -3 -2 -1 
-97 -98 -96 -92 -94 -90 -97 -95 -88 -84 -93 -87 -91 -82 -89 -86 -85 -83 -80 -81 -79 -72 -78 -77 -75 -76 -73 -74 -71 -69 -70 -68 -66 -67 -64 -63 -65 -62 -61 -56 -59 -55 -54 -60 -58 -57 -53 -52 -51 -50 -47 -49 -42 -46 -45 -44 -41 -48 -43 -37 -36 -40 -39 -38 -35 0 -33 -34 -31 -32 -28 -29 -30 -26 -27 -25 -24 -23 -17 -20 -21 -19 -16 -22 -15 -14 -13 -18 -11 -10 -9 -12 -6 -4 -5 -8 -7 -3 -2 -1 
-97 -98 -96 -92 -94 -90 -97 -95 -88 -84 -93 -87 -91 -82 -89 -86 -85 -83 -80 -81 -79 -72 -78 -77 -75 -76 -73 -74 -71 -69 -70 -68 -66 -67 -64 -63 -65 -62 -61 -56 -59 -55 -54 -60 -58 -57 -53 -52 -51 -49 -48 -50 -43 -47 -46 -45 -39 -42 -44 -40 -41 -38 -36 -37 -33 -35 0 -34 -31 -32 -28 -29 -30 -26 -27 -25 -24 -23 -17 -20 -21 -19 -16 -22 -15 -14 -13 -18 -11 -10 -9 -12 -6 -4 -5 -8 -7 -3 -2 -1 
-97 -98 -96 -92 -94 -90 -97 -95 -88 -84 -93 -87 -91 -82 -89 -86 -85 -83 -80 -81 -79 -72 -78 -77 -75 -76 -73 -74 -71 -69 -70 -68 -66 -67 -64 -63 -65 -62 -61 -56 -59 -55 -54 -60 -58 -57 -53 -52 -51 -45 -50 -44 -41 -49 -48 -47 -40 -43 -46 -37 -42 -39 -32 -38 -34 -33 -36 0 -29 -35 -31 -27 -28 -25 -30 -26 -23 -22 -19 -24 -20 -15 -18 -21 -17 -16 -11 -14 -9 -13 -12 -10 -8 -6 -7 -1 -2 -5 -4 -3 
-97 -98 -96 -92 -94 -90 -97 -95 -88 -84 -93 -87 -91 -82 -89 -86 -85 -83 -80 -81 -79 -72 -78 -77 -75 -76 -73 -74 -71 -69 -70 -68 -66 -67 -64 -63 -65 -62 -61 -56 -59 -55 -54 -60 -58 -57 -53 -52 -51 -49 -48 -50 -43 -47 -46 -45 -39 -42 -44 -40 -41 -38 -36 -37 -34 -35 -32 -31 0 -33 -28 -29 -30 -26 -27 -25 -24 -23 -17 -20 -21 -19 -16 -22 -15 -14 -13 -18 -11 -10 -9 -12 -6 -4 -5 -8 -7 -3 -2 -1 
-97 -98 -96 -92 -94 -90 -97 -95 -88 -84 -93 -87 -91 -82 -89 -86 -85 -83 -80 -81 -79 -72 -78 -77 -75 -76 -73 -74 -71 -69 -70 -68 -66 -67 -64 -63 -65 -62 -61 -56 -59 -55 -54 -60 -58 -57 -53 -52 -51 -49 -48 -50 -43 -47 -46 -45 -39 -42 -44 -40 -41 -38 -36 -37 -34 -35 -33 -32 -31 0 -28 -29 -30 -26 -27 -25 -24 -23 -17 -20 -21 -19 -16 -22 -15 -14 -13 -18 -11 -10 -9 -12 -6 -4 -5 -8 -7 -3 -2 -1 
-97 -98 -96 -92 -94 -90 -97 -95 -88 -84 -93 -87 -91 -82 -89 -86 -85 -83 -80 -81 -79 -72 -78 -77 -75 -76 -73 -74 -71 -69 -70 -68 -66 -67 -64 -63 -65 -62 -61 -56 -59 -55 -54 -60 -58 -57 -53 -52 -51 -49 -48 -50 -43 -47 -46 -45 -39 -42 -44 -40 -41 -38 -36 -37 -34 -35 -32 -31 -28 -33 0 -30 -29 -26 -27 -25 -24 -21 -18 -23 -19 -22 -17 -20 -16 -15 -9 -13 -11 -14 -6 -10 -12 -8 -7 -5 -4 -1 -2 -3 
-97 -98 -96 -92 -94 -90 -97 -95 -88 -84 -93 -87 -91 -82 -89 -86 -85 -83 -80 -81 -79 -72 -78 -77 -75 -76 -73 -74 -71 -69 -70 -68 -66 -67 -64 -63 -65 -62 -61 -56 -59 -55 -54 -60 -58 -57 -53 -52 -51 -49 -48 -50 -43 -47 -46 -45 -39 -42 -44 -40 -41 -38 -36 -37 -34 -35 -32 -31 -29 -33 -28 0 -30 -26 -27 -25 -24 -23 -17 -20 -21 -19 -16 -22 -15 -14 -13 -18 -11 -10 -9 -12 -6 -4 -5 -8 -7 -3 -2 -1 
-97 -98 -96 -92 -94 -90 -97 -95 -88 -84 -93 -87 -91 -82 -89 -86 -85 -83 -80 -81 -79 -72 -78 -77 -75 -76 -73 -74 -71 -69 -70 -68 -66 -67 -64 -63 -65 -62 -61 -56 -59 -55 -54 -60 -58 -57 -53 -52 -51 -49 -48 -50 -43 -47 -46 -45 -39 -42 -44 -40 -41 -38 -36 -37 -34 -35 -33 -30 -31 -32 -28 -29 0 -26 -27 -25 -24 -23 -17 -20 -21 -19 -16 -22 -15 -14 -13 -18 -11 -10 -9 -12 -6 -4 -5 -8 -7 -3 -2 -1 
-97 -98 -96 -92 -94 -90 -97 -95 -88 -84 -93 -87 -91 -82 -89 -86 -85 -83 -80 -81 -79 -72 -78 -77 -75 -76 -73 -74 -71 -69 -70 -68 -66 -67 -64 -63 -65 -62 -61 -56 -59 -55 -54 -60 -58 -57 -53 -52 -51 -45 -50 -44 -41 -49 -48 -47 -40 -43 -46 -37 -42 -39 -31 -38 -35 -36 -33 -32 -28 -34 -30 -26 -27 0 -29 -25 -24 -23 -17 -20 -21 -19 -16 -22 -15 -14 -13 -18 -11 -10 -9 -12 -6 -4 -5 -8 -7 -3 -2 -1 
-97 -98 -96 -92 -94 -90 -97 -95 -88 -84 -93 -87 -91 -82 -89 -86 -85 -83 -80 -81 -79 -72 -78 -77 -75 -76 -73 -74 -71 -69 -70 -68 -66 -67 -64 -63 -65 -62 -61 -56 -59 -55 -54 -60 -58 -57 -53 -52 -51 -45 -50 -44 -41 -49 -48 -47 -40 -43 -46 -37 -42 -39 -31 -38 -35 -36 -33 -32 -29 -34 -30 -27 -28 -25 0 -26 -23 -22 -19 -24 -20 -15 -18 -21 -17 -16 -12 -14 -10 -13 -5 -11 -9 -7 -6 -4 -3 -8 -1 -2 
-97 -98 -96 -92 -94 -90 -97 -95 -88 -84 -93 -87 -91 -82 -89 -86 -85 -83 -80 -81 -79 -72 -78 -77 -75 -76 -73 -74 -71 -69 -70 -68 -66 -67 -64 -63 -65 -62 -61 -56 -59 -55 -54 -60 -58 -57 -53 -52 -51 -50 -47 -49 -42 -46 -45 -44 -41 -48 -43 -37 -36 -40 -39 -38 -35 -34 -32 -33 -30 -31 -29 -28 -27 -26 -25 0 -24 -23 -17 -20 -21 -19 -16 -22 -15 -14 -13 -18 -11 -10 -9 -12 -6 -4 -5 -8 -7 -3 -2 -1 
-97 -98 -96 -92 -94 -90 -97 -95 -88 -84 -93 -87 -91 -82 -89 -86 -85 -83 -80 -81 -79 -72 -78 -77 -75 -76 -73 -74 -71 -69 -70 -68 -66 -67 -64 -63 -65 -62 -61 -56 -59 -55 -54 -60 -58 -57 -53 -52 -51 -45 -50 -44 -41 -49 -48 -47 -40 -43 -46 -37 -42 -39 -31 -38 -35 -36 -33 -32 -28 -34 -30 -26 -27 -24 -29 -25 0 -23 -17 -20 -21 -19 -16 -22 -15 -14 -13 -18 -11 -10 -9 -12 -6 -4 -5 -8 -7 -3 -2 -1 
-97 -98 -96 -92 -94 -90 -97 -95 -88 -84 -93 -87 -91 -82 -89 -86 -85 -83 -80 -81 -79 -72 -78 -77 -75 -76 -73 -74 -71 -69 -70 -68 -66 -67 -64 -63 -65 -62 -61 -56 -59 -55 -54 -60 -58 -57 -53 -52 -51 -45 -50 -44 -41 -49 -48 -47 -40 -43 -46 -37 -42 -39 -31 -38 -35 -36 -33 -32 -29 -34 -30 -27 -28 -25 -21 -26 -22 0 -18 -24 -19 -23 -17 -20 -16 -15 -9 -13 -11 -14 -6 -10 -12 -8 -7 -5 -4 -1 -2 -3 
-97 -98 -96 -92 -94 -90 -97 -95 -88 -84 -93 -87 -91 -82 -89 -86 -85 -83 -80 -81 -79 -72 -78 -77 -75 -76 -73 -74 -71 -69 -70 -68 -66 -67 -64 -63 -65 -62 -61 -56 -59 -55 -54 -60 -58 -57 -53 -52 -51 -50 -47 -49 -42 -46 -45 -44 -41 -48 -43 -37 -36 -40 -39 -38 -35 -34 -32 -33 -30 -31 -29 -28 -27 -26 -25 -17 -22 -23 0 -21 -18 -20 -16 -24 -15 -14 -13 -19 -11 -10 -9 -12 -6 -4 -5 -8 -7 -3 -2 -1 
-97 -98 -96 -92 -94 -90 -97 -95 -88 -84 -93 -87 -91 -82 -89 -86 -85 -83 -80 -81 -79 -72 -78 -77 -75 -76 -73 -74 -71 -69 -70 -68 -66 -67 -64 -63 -65 -62 -61 -56 -59 -55 -54 -60 -58 -57 -53 -52 -51 -50 -47 -49 -42 -46 -45 -44 -41 -48 -43 -37 -36 -40 -39 -38 -35 -34 -32 -33 -30 -31 -29 -28 -27 -26 -25 -23 -24 -20 -17 0 -22 -19 -16 -21 -15 -14 -13 -18 -11 -10 -9 -12 -6 -4 -5 -8 -7 -3 -2 -1 
-97 -98 -96 -92 -94 -90 -97 -95 -88 -84 -93 -87 -91 -82 -89 -86 -85 -83 -80 -81 -79 -72 -78 -77 -75 -76 -73 -74 -71 -69 -70 -68 -66 -67 -64 -63 -65 -62 -61 -56 -59 -55 -54 -60 -58 -57 -53 -52 -51 -45 -50 -44 -41 -49 -48 -47 -40 -43 -46 -37 -42 -39 -31 -38 -35 -36 -33 -32 -29 -34 -30 -27 -28 -25 -24 -26 -21 -22 -17 -20 0 -19 -16 -23 -15 -14 -13 -18 -11 -10 -9 -12 -6 -4 -5 -8 -7 -3 -2 -1 
-97 -98 -96 -92 -94 -90 -97 -95 -88 -84 -93 -87 -91 -82 -89 -86 -85 -83 -80 -81 -79 -72 -78 -77 -75 -76 -73 -74 -71 -69 -70 -68 -66 -67 -64 -63 -65 -62 -61 -56 -59 -55 -54 -60 -58 -57 -53 -52 -51 -45 -50 -44 -41 -49 -48 -47 -40 -43 -46 -37 -42 -39 -31 -38 -35 -36 -33 -32 -28 -34 -30 -26 -27 -24 -29 -25 -22 -21 -18 -23 -19 0 -17 -20 -16 -15 -10 -13 -8 -14 -11 -9 -7 -5 -6 -12 -1 -4 -3 -2 
-97 -98 -96 -92 -94 -90 -97 -95 -88 -84 -93 -87 -91 -82 -89 -86 -85 -83 -80 -81 -79 -72 -78 -77 -75 -76 -73 -74 -71 -69 -70 -68 -66 -67 -64 -63 -65 -62 -61 -56 -59 -55 -54 -60 -58 -57 -53 -52 -51 -45 -50 -44 -41 -49 -48 -47 -40 -43 -46 -37 -42 -39 -31 -38 -35 -36 -33 -32 -28 -34 -30 -26 -27 -24 -29 -25 -22 -21 -18 -23 -19 -15 0 -20 -17 -16 -11 -14 -9 -13 -12 -10 -8 -6 -7 -1 -2 -5 -4 -3 
-97 -98 -96 -92 -94 -90 -97 -95 -88 -84 -93 -87 -91 -82 -89 -86 -85 -83 -80 -81 -79 -72 -78 -77 -75 -76 -73 -74 -71 -69 -70 -68 -66 -67 -64 -63 -65 -62 -61 -56 -59 -55 -54 -60 -58 -57 -53 -52 -51 -45 -50 -44 -41 -49 -48 -47 -40 -43 -46 -37 -42 -39 -31 -38 -35 -36 -33 -32 -28 -34 -30 -26 -27 -24 -29 -25 -22 -23 -19 -21 -20 -15 -18 0 -17 -16 -11 -14 -9 -13 -12 -10 -8 -6 -7 -1 -2 -5 -4 -3 
-97 -98 -96 -92 -94 -90 -97 -95 -88 -84 -93 -87 -91 -82 -89 -86 -85 -83 -80 -81 -79 -72 -78 -77 -75 -76 -73 -74 -71 -69 -70 -68 -66 -67 -64 -63 -65 -62 -61 -56 -59 -55 -54 -60 -58 -57 -53 -52 -51 -45 -50 -44 -41 -49 -48 -47 -40 -43 -46 -37 -42 -39 -31 -38 -35 -36 -33 -32 -28 -34 -30 -26 -27 -24 -29 -25 -22 -21 -18 -23 -19 -15 -17 -20 0 -16 -12 -14 -10 -13 -5 -11 -9 -7 -6 -4 -3 -8 -1 -2 
-97 -98 -96 -92 -94 -90 -97 -95 -88 -84 -93 -87 -91 -82 -89 -86 -85 -83 -80 -81 -79 -72 -78 -77 -75 -76 -73 -74 -71 -69 -70 -68 -66 -67 -64 -63 -65 -62 -61 -56 -59 -55 -54 -60 -58 -57 -53 -52 -51 -50 -47 -49 -42 -46 -45 -44 -41 -48 -43 -37 -36 -40 -39 -38 -35 -34 -32 -33 -30 -31 -27 -28 -29 -25 -26 -22 -23 -24 -19 -18 -15 -17 -21 -14 -20 0 -13 -16 -11 -10 -9 -12 -6 -4 -5 -8 -7 -3 -2 -1 
-97 -98 -96 -92 -94 -90 -97 -95 -88 -84 -93 -87 -91 -82 -89 -86 -85 -83 -80 -81 -79 -72 -78 -77 -75 -76 -73 -74 -71 -69 -70 -68 -66 -67 -64 -63 -65 -62 -61 -56 -59 -55 -54 -60 -58 -57 -53 -52 -51 -45 -50 -44 -41 -49 -48 -47 -40 -43 -46 -37 -42 -39 -31 -38 -35 -36 -33 -32 -28 -34 -30 -26 -27 -24 -29 -25 -22 -21 -18 -23 -19 -14 -17 -20 -16 -9 0 -13 -11 -10 -6 -15 -12 -8 -7 -5 -4 -1 -2 -3 
-97 -98 -96 -92 -94 -90 -97 -95 -88 -84 -93 -87 -91 -82 -89 -86 -85 -83 -80 -81 -79 -72 -78 -77 -75 -76 -73 -74 -71 -69 -70 -68 -66 -67 -64 -63 -65 -62 -61 -56 -59 -55 -54 -60 -58 -57 -53 -52 -51 -50 -47 -49 -42 -46 -45 -44 -41 -48 -43 -37 -36 -40 -39 -38 -35 -34 -32 -33 -30 -31 -27 -28 -29 -25 -26 -24 -23 -20 -17 -22 -18 -21 -16 -19 -15 -14 -12 0 -10 -13 -5 -11 -9 -7 -6 -4 -3 -8 -1 -2 
-97 -98 -96 -92 -94 -90 -97 -95 -88 -84 -93 -87 -91 -82 -89 -86 -85 -83 -80 -81 -79 -72 -78 -77 -75 -76 -73 -74 -71 -69 -70 -68 -66 -67 -64 -63 -65 -62 -61 -56 -59 -55 -54 -60 -58 -57 -53 -52 -51 -45 -50 -44 -41 -49 -48 -47 -40 -43 -46 -37 -42 -39 -31 -38 -35 -36 -33 -32 -28 -34 -30 -26 -27 -24 -29 -25 -22 -21 -18 -23 -19 -12 -17 -20 -16 -15 -14 -11 0 -10 -9 -13 -6 -4 -5 -8 -7 -3 -2 -1 
-97 -98 -96 -92 -94 -90 -97 -95 -88 -84 -93 -87 -91 -82 -89 -86 -85 -83 -80 -81 -79 -72 -78 -77 -75 -76 -73 -74 -71 -69 -70 -68 -66 -67 -64 -63 -65 -62 -61 -56 -59 -55 -54 -60 -58 -57 -53 -52 -51 -50 -47 -49 -42 -46 -45 -44 -41 -48 -43 -37 -36 -40 -39 -38 -35 -34 -32 -33 -30 -31 -27 -28 -29 -25 -26 -24 -23 -22 -16 -19 -20 -18 -15 -21 -14 -13 -12 -17 -10 0 -9 -11 -6 -4 -5 -8 -7 -3 -2 -1 
-97 -98 -96 -92 -94 -90 -97 -95 -88 -84 -93 -87 -91 -82 -89 -86 -85 -83 -80 -81 -79 -72 -78 -77 -75 -76 -73 -74 -71 -69 -70 -68 -66 -67 -64 -63 -65 -62 -61 -56 -59 -55 -54 -60 -58 -57 -53 -52 -51 -45 -50 -44 -41 -49 -48 -47 -40 -43 -46 -37 -42 -39 -31 -38 -35 -36 -33 -32 -28 -34 -30 -26 -27 -24 -29 -25 -22 -21 -18 -23 -19 -14 -17 -20 -16 -15 -11 -13 -9 -12 0 -10 -8 -6 -7 -1 -2 -5 -4 -3 
-97 -98 -96 -92 -94 -90 -97 -95 -88 -84 -93 -87 -91 -82 -89 -86 -85 -83 -80 -81 -79 -72 -78 -77 -75 -76 -73 -74 -71 -69 -70 -68 -66 -67 -64 -63 -65 -62 -61 -56 -59 -55 -54 -60 -58 -57 -53 -52 -51 -45 -50 -44 -41 -49 -48 -47 -40 -43 -46 -37 -42 -39 -31 -38 -35 -36 -33 -32 -28 -34 -30 -26 -27 -24 -29 -25 -22 -21 -18 -23 -19 -13 -17 -20 -16 -15 -14 -12 -10 -11 -5 0 -9 -7 -6 -4 -3 -8 -1 -2 
-97 -98 -96 -92 -94 -90 -97 -95 -88 -84 -93 -87 -91 -82 -89 -86 -85 -83 -80 -81 -79 -72 -78 -77 -75 -76 -73 -74 -71 -69 -70 -68 -66 -67 -64 -63 -65 -62 -61 -56 -59 -55 -54 -60 -58 -57 -53 -52 -51 -50 -47 -49 -42 -46 -45 -44 -41 -48 -43 -37 -36 -40 -39 -38 -35 -34 -32 -33 -30 -31 -27 -28 -29 -25 -26 -24 -23 -22 -16 -19 -20 -18 -15 -21 -14 -13 -12 -17 -10 -9 -5 -11 0 -7 -6 -4 -3 -8 -1 -2 
-97 -98 -96 -92 -94 -90 -97 -95 -88 -84 -93 -87 -91 -82 -89 -86 -85 -83 -80 -81 -79 -72 -78 -77 -75 -76 -73 -74 -71 -69 -70 -68 -66 -67 -64 -63 -65 -62 -61 -56 -59 -55 -54 -60 -58 -57 -53 -52 -51 -50 -47 -49 -42 -46 -45 -44 -41 -48 -43 -37 -36 -40 -39 -38 -35 -34 -32 -33 -30 -31 -27 -28 -29 -25 -26 -22 -23 -24 -19 -18 -15 -17 -21 -14 -20 -9 -13 -16 -11 -10 -7 -12 -4 0 -8 -6 -5 -3 -2 -1 
-97 -98 -96 -92 -94 -90 -97 -95 -88 -84 -93 -87 -91 -82 -89 -86 -85 -83 -80 -81 -79 -72 -78 -77 -75 -76 -73 -74 -71 -69 -70 -68 -66 -67 -64 -63 -65 -62 -61 -56 -59 -55 -54 -60 -58 -57 -53 -52 -51 -45 -50 -44 -41 -49 -48 -47 -40 -43 -46 -37 -42 -39 -31 -38 -35 -36 -33 -32 -28 -34 -30 -26 -27 -24 -29 -25 -22 -21 -18 -23 -19 -14 -17 -20 -16 -15 -9 -13 -11 -6 -5 -10 -12 -8 0 -4 -3 -7 -1 -2 
-97 -98 -96 -92 -94 -90 -97 -95 -88 -84 -93 -87 -91 -82 -89 -86 -85 -83 -80 -81 -79 -72 -78 -77 -75 -76 -73 -74 -71 -69 -70 -68 -66 -67 -64 -63 -65 -62 -61 -56 -59 -55 -54 -60 -58 -57 -53 -52 -51 -45 -50 -44 -41 -49 -48 -47 -40 -43 -46 -37 -42 -39 -31 -38 -35 -36 -33 -32 -28 -34 -30 -26 -27 -24 -29 -25 -22 -21 -18 -23 -19 -14 -17 -20 -16 -15 -10 -13 -8 -12 -11 -9 -7 -5 -6 0 -1 -4 -3 -2 
-97 -98 -96 -92 -94 -90 -97 -95 -88 -84 -93 -87 -91 -82 -89 -86 -85 -83 -80 -81 -79 -72 -78 -77 -75 -76 -73 -74 -71 -69 -70 -68 -66 -67 -64 -63 -65 -62 -61 -56 -59 -55 -54 -60 -58 -57 -53 -52 -51 -50 -47 -49 -42 -46 -45 -44 -41 -48 -43 -37 -36 -40 -39 -38 -35 -34 -32 -33 -30 -31 -27 -28 -29 -25 -26 -24 -23 -20 -17 -22 -18 -21 -16 -19 -15 -14 -9 -12 -7 -13 -10 -8 -6 -4 -5 -11 0 -3 -2 -1 
-97 -98 -96 -92 -94 -90 -97 -95 -88 -84 -93 -87 -91 -82 -89 -86 -85 -83 -80 -81 -79 -72 -78 -77 -75 -76 -73 -74 -71 -69 -70 -68 -66 -67 -64 -63 -65 -62 -61 -56 -59 -55 -54 -60 -58 -57 -53 -52 -51 -50 -47 -49 -42 -46 -45 -44 -41 -48 -43 -37 -36 -40 -39 -38 -35 -34 -32 -33 -30 -31 -27 -28 -29 -25 -26 -24 -23 -20 -17 -22 -18 -21 -16 -19 -15 -14 -8 -12 -10 -13 -5 -9 -11 -7 -6 -4 -3 0 -1 -2 
-97 -98 -96 -92 -94 -90 -97 -95 -88 -84 -93 -87 -91 -82 -89 -86 -85 -83 -80 -81 -79 -72 -78 -77 -75 -76 -73 -74 -71 -69 -70 -68 -66 -67 -64 -63 -65 -62 -61 -56 -59 -55 -54 -60 -58 -57 -53 -52 -51 -45 -50 -44 -41 -49 -48 -47 -40 -43 -46 -37 -42 -39 -31 -38 -35 -36 -33 -32 -28 -34 -30 -26 -27 -24 -29 -25 -22 -21 -18 -23 -19 -14 -17 -20 -16 -15 -11 -13 -9 -12 -4 -10 -8 -6 -5 -3 -2 -7 0 -1 
-97 -98 -96 -92 -94 -90 -97 -95 -88 -84 -93 -87 -91 -82 -89 -86 -85 -83 -80 -81 -79 -72 -78 -77 -75 -76 -73 -74 -71 -69 -70 -68 -66 -67 -64 -63 -65 -62 -61 -56 -59 -55 -54 -60 -58 -57 -53 -52 -51 -50 -47 -49 -42 -46 -45 -44 -41 -48 -43 -37 -36 -40 -39 -38 -35 -34 -32 -33 -30 -31 -27 -28 -29 -25 -26 -24 -23 -22 -16 -19 -20 -18 -15 -21 -14 -13 -12 -17 -10 -9 -8 -11 -5 -3 -4 -7 -6 -2 -1 0 
